  0.1000000E-05 -0.1911131E-14 -0.1911139E-14  0.7347254E-20
  0.1010000E-03 -0.1906760E-14 -0.1912441E-14  0.5680889E-17
  0.2010000E-03 -0.1905728E-14 -0.1912307E-14  0.6578500E-17
  0.3010000E-03 -0.1904547E-14 -0.1910281E-14  0.5733811E-17
  0.4010000E-03 -0.1904407E-14 -0.1909661E-14  0.5253694E-17
  0.5010000E-03 -0.1904679E-14 -0.1910615E-14  0.5935954E-17
  0.6010000E-03 -0.1905661E-14 -0.1912223E-14  0.6561624E-17
  0.7010000E-03 -0.1906668E-14 -0.1912822E-14  0.6153651E-17
  0.8010000E-03 -0.1906443E-14 -0.1912461E-14  0.6017637E-17
  0.9010000E-03 -0.1905792E-14 -0.1912399E-14  0.6607384E-17
  0.1001000E-02 -0.1904286E-14 -0.1911158E-14  0.6872239E-17
  0.1101000E-02 -0.1903156E-14 -0.1909759E-14  0.6602172E-17
  0.1201000E-02 -0.1902409E-14 -0.1908788E-14  0.6378958E-17
  0.1301000E-02 -0.1902332E-14 -0.1909180E-14  0.6848481E-17
  0.1401000E-02 -0.1902531E-14 -0.1909573E-14  0.7041218E-17
  0.1501000E-02 -0.1903183E-14 -0.1910059E-14  0.6876866E-17
  0.1601000E-02 -0.1902871E-14 -0.1909579E-14  0.6707611E-17
  0.1701000E-02 -0.1902334E-14 -0.1909328E-14  0.6993742E-17
  0.1801000E-02 -0.1901273E-14 -0.1908479E-14  0.7206035E-17
  0.1901000E-02 -0.1900541E-14 -0.1907627E-14  0.7085381E-17
  0.2001000E-02 -0.1900167E-14 -0.1907091E-14  0.6923527E-17
  0.2101000E-02 -0.1900232E-14 -0.1907389E-14  0.7157582E-17
  0.2201000E-02 -0.1900902E-14 -0.1908151E-14  0.7249389E-17
  0.2301000E-02 -0.1901602E-14 -0.1908815E-14  0.7213393E-17
  0.2401000E-02 -0.1901327E-14 -0.1908330E-14  0.7002301E-17
  0.2501000E-02 -0.1901128E-14 -0.1908459E-14  0.7331142E-17
  0.2601000E-02 -0.1900534E-14 -0.1907878E-14  0.7343918E-17
  0.2701000E-02 -0.1899904E-14 -0.1907024E-14  0.7119949E-17
  0.2801000E-02 -0.1900064E-14 -0.1907211E-14  0.7146611E-17
  0.2901000E-02 -0.1900160E-14 -0.1907456E-14  0.7296034E-17
  0.3001000E-02 -0.1900887E-14 -0.1908184E-14  0.7297121E-17
  0.3101000E-02 -0.1901260E-14 -0.1908365E-14  0.7104893E-17
  0.3201000E-02 -0.1901375E-14 -0.1908485E-14  0.7109649E-17
  0.3301000E-02 -0.1900839E-14 -0.1908158E-14  0.7318319E-17
  0.3401000E-02 -0.1900185E-14 -0.1907528E-14  0.7342476E-17
  0.3501000E-02 -0.1899820E-14 -0.1907038E-14  0.7218644E-17
  0.3601000E-02 -0.1899714E-14 -0.1906844E-14  0.7130143E-17
  0.3701000E-02 -0.1899822E-14 -0.1907099E-14  0.7276131E-17
  0.3801000E-02 -0.1900263E-14 -0.1907610E-14  0.7346929E-17
  0.3901000E-02 -0.1900689E-14 -0.1908011E-14  0.7321413E-17
  0.4001000E-02 -0.1900942E-14 -0.1908208E-14  0.7266278E-17
  0.4101000E-02 -0.1900773E-14 -0.1908137E-14  0.7364075E-17
  0.4201000E-02 -0.1900431E-14 -0.1907712E-14  0.7281000E-17
  0.4301000E-02 -0.1900214E-14 -0.1907470E-14  0.7256558E-17
  0.4401000E-02 -0.1900031E-14 -0.1907225E-14  0.7194009E-17
  0.4501000E-02 -0.1900023E-14 -0.1907293E-14  0.7270290E-17
  0.4601000E-02 -0.1900320E-14 -0.1907687E-14  0.7367713E-17
  0.4701000E-02 -0.1900510E-14 -0.1907837E-14  0.7326964E-17
  0.4801000E-02 -0.1900496E-14 -0.1907866E-14  0.7369879E-17
  0.4901000E-02 -0.1900091E-14 -0.1907440E-14  0.7348849E-17
  0.5001000E-02 -0.1899697E-14 -0.1907046E-14  0.7349485E-17
  0.5101000E-02 -0.1899298E-14 -0.1906539E-14  0.7241163E-17
  0.5201000E-02 -0.1899250E-14 -0.1906463E-14  0.7213210E-17
  0.5301000E-02 -0.1899314E-14 -0.1906473E-14  0.7159348E-17
  0.5401000E-02 -0.1899467E-14 -0.1906662E-14  0.7195541E-17
  0.5501000E-02 -0.1899858E-14 -0.1907087E-14  0.7228807E-17
  0.5601000E-02 -0.1900071E-14 -0.1906985E-14  0.6913297E-17
  0.5701000E-02 -0.1899785E-14 -0.1906802E-14  0.7016678E-17
  0.5801000E-02 -0.1899473E-14 -0.1906511E-14  0.7038014E-17
  0.5901000E-02 -0.1899303E-14 -0.1906217E-14  0.6914062E-17
  0.6001000E-02 -0.1899177E-14 -0.1906136E-14  0.6959316E-17
  0.6101000E-02 -0.1899189E-14 -0.1906155E-14  0.6966227E-17
  0.6201000E-02 -0.1899416E-14 -0.1906390E-14  0.6974272E-17
  0.6301000E-02 -0.1899576E-14 -0.1906574E-14  0.6997776E-17
  0.6401000E-02 -0.1899638E-14 -0.1906692E-14  0.7054424E-17
  0.6501000E-02 -0.1899542E-14 -0.1906647E-14  0.7105427E-17
  0.6601000E-02 -0.1899328E-14 -0.1906313E-14  0.6984708E-17
  0.6701000E-02 -0.1899084E-14 -0.1906052E-14  0.6968239E-17
  0.6801000E-02 -0.1899101E-14 -0.1905926E-14  0.6824696E-17
  0.6901000E-02 -0.1899266E-14 -0.1906104E-14  0.6838791E-17
  0.7001000E-02 -0.1899455E-14 -0.1906389E-14  0.6934309E-17
  0.7101000E-02 -0.1899581E-14 -0.1906353E-14  0.6772119E-17
  0.7201000E-02 -0.1899625E-14 -0.1906524E-14  0.6899223E-17
  0.7301000E-02 -0.1899553E-14 -0.1906540E-14  0.6987271E-17
  0.7401000E-02 -0.1899280E-14 -0.1906246E-14  0.6966219E-17
  0.7501000E-02 -0.1899151E-14 -0.1906127E-14  0.6976468E-17
  0.7601000E-02 -0.1899187E-14 -0.1906015E-14  0.6827946E-17
  0.7701000E-02 -0.1899246E-14 -0.1906111E-14  0.6865055E-17
  0.7801000E-02 -0.1899301E-14 -0.1906270E-14  0.6968920E-17
  0.7901000E-02 -0.1899448E-14 -0.1906422E-14  0.6973997E-17
  0.8001000E-02 -0.1899471E-14 -0.1906371E-14  0.6900167E-17
  0.8101000E-02 -0.1899274E-14 -0.1906297E-14  0.7023353E-17
  0.8201000E-02 -0.1899153E-14 -0.1906125E-14  0.6971728E-17
  0.8301000E-02 -0.1899095E-14 -0.1905981E-14  0.6886612E-17
  0.8401000E-02 -0.1899003E-14 -0.1905884E-14  0.6880195E-17
  0.8501000E-02 -0.1899191E-14 -0.1906028E-14  0.6837025E-17
  0.8601000E-02 -0.1899356E-14 -0.1906263E-14  0.6907323E-17
  0.8701000E-02 -0.1899488E-14 -0.1906418E-14  0.6929766E-17
  0.8801000E-02 -0.1899448E-14 -0.1906399E-14  0.6950748E-17
  0.8901000E-02 -0.1899339E-14 -0.1906350E-14  0.7010788E-17
  0.9001000E-02 -0.1899290E-14 -0.1906258E-14  0.6968630E-17
  0.9101000E-02 -0.1899301E-14 -0.1906199E-14  0.6897969E-17
  0.9201000E-02 -0.1899171E-14 -0.1905996E-14  0.6825246E-17
  0.9301000E-02 -0.1899195E-14 -0.1906007E-14  0.6811546E-17
  0.9401000E-02 -0.1899264E-14 -0.1906065E-14  0.6800804E-17
  0.9501000E-02 -0.1899394E-14 -0.1906249E-14  0.6855632E-17
  0.9601000E-02 -0.1899314E-14 -0.1906184E-14  0.6870194E-17
  0.9701000E-02 -0.1899284E-14 -0.1906229E-14  0.6944917E-17
  0.9801000E-02 -0.1899102E-14 -0.1906124E-14  0.7022400E-17
  0.9901000E-02 -0.1899064E-14 -0.1906021E-14  0.6956315E-17
  0.1000100E-01 -0.1898982E-14 -0.1905914E-14  0.6931724E-17
  0.1010100E-01 -0.1899041E-14 -0.1905939E-14  0.6898041E-17
  0.1020100E-01 -0.1899054E-14 -0.1905971E-14  0.6916348E-17
  0.1030100E-01 -0.1899064E-14 -0.1906087E-14  0.7023401E-17
  0.1040100E-01 -0.1899191E-14 -0.1906098E-14  0.6906750E-17
  0.1050100E-01 -0.1899169E-14 -0.1906055E-14  0.6885992E-17
  0.1060100E-01 -0.1899128E-14 -0.1906104E-14  0.6975634E-17
  0.1070100E-01 -0.1899043E-14 -0.1906081E-14  0.7038678E-17
  0.1080100E-01 -0.1898968E-14 -0.1905926E-14  0.6957827E-17
  0.1090100E-01 -0.1898986E-14 -0.1905821E-14  0.6834982E-17
  0.1100100E-01 -0.1899165E-14 -0.1906069E-14  0.6903798E-17
  0.1110100E-01 -0.1899223E-14 -0.1906160E-14  0.6936717E-17
  0.1120100E-01 -0.1899240E-14 -0.1906041E-14  0.6800980E-17
  0.1130100E-01 -0.1899223E-14 -0.1905964E-14  0.6741755E-17
  0.1140100E-01 -0.1899149E-14 -0.1906008E-14  0.6858896E-17
  0.1150100E-01 -0.1899069E-14 -0.1905962E-14  0.6892263E-17
  0.1160100E-01 -0.1899024E-14 -0.1905986E-14  0.6961736E-17
  0.1170100E-01 -0.1899180E-14 -0.1906124E-14  0.6944915E-17
  0.1180100E-01 -0.1899177E-14 -0.1906097E-14  0.6920261E-17
  0.1190100E-01 -0.1899210E-14 -0.1906107E-14  0.6897644E-17
  0.1200100E-01 -0.1899244E-14 -0.1906249E-14  0.7004942E-17
  0.1210100E-01 -0.1899040E-14 -0.1906010E-14  0.6970542E-17
  0.1220100E-01 -0.1898895E-14 -0.1905898E-14  0.7003262E-17
  0.1230100E-01 -0.1898886E-14 -0.1905990E-14  0.7103860E-17
  0.1240100E-01 -0.1898896E-14 -0.1906017E-14  0.7121013E-17
  0.1250100E-01 -0.1898885E-14 -0.1905919E-14  0.7033567E-17
  0.1260100E-01 -0.1898920E-14 -0.1905982E-14  0.7061919E-17
  0.1270100E-01 -0.1898900E-14 -0.1905888E-14  0.6988791E-17
  0.1280100E-01 -0.1898908E-14 -0.1905928E-14  0.7019915E-17
  0.1290100E-01 -0.1898957E-14 -0.1905943E-14  0.6985940E-17
  0.1300100E-01 -0.1898932E-14 -0.1905998E-14  0.7066339E-17
  0.1310100E-01 -0.1898827E-14 -0.1905865E-14  0.7038686E-17
  0.1320100E-01 -0.1898887E-14 -0.1905948E-14  0.7060695E-17
  0.1330100E-01 -0.1898959E-14 -0.1905914E-14  0.6954643E-17
  0.1340100E-01 -0.1898912E-14 -0.1906021E-14  0.7108251E-17
  0.1350100E-01 -0.1898994E-14 -0.1906074E-14  0.7080117E-17
  0.1360100E-01 -0.1899028E-14 -0.1906145E-14  0.7116966E-17
  0.1370100E-01 -0.1898836E-14 -0.1905998E-14  0.7161654E-17
  0.1380100E-01 -0.1898901E-14 -0.1905899E-14  0.6997720E-17
  0.1390100E-01 -0.1898892E-14 -0.1905837E-14  0.6944290E-17
  0.1400100E-01 -0.1898837E-14 -0.1905833E-14  0.6995902E-17
  0.1410100E-01 -0.1899006E-14 -0.1906019E-14  0.7012822E-17
  0.1420100E-01 -0.1899003E-14 -0.1906030E-14  0.7027216E-17
  0.1430100E-01 -0.1899012E-14 -0.1906006E-14  0.6994791E-17
  0.1440100E-01 -0.1898960E-14 -0.1906127E-14  0.7167767E-17
  0.1450100E-01 -0.1898865E-14 -0.1905822E-14  0.6956514E-17
  0.1460100E-01 -0.1898836E-14 -0.1905843E-14  0.7006734E-17
  0.1470100E-01 -0.1898868E-14 -0.1905957E-14  0.7088173E-17
  0.1480100E-01 -0.1898822E-14 -0.1905837E-14  0.7015288E-17
  0.1490100E-01 -0.1898833E-14 -0.1905957E-14  0.7123785E-17
  0.1500100E-01 -0.1898753E-14 -0.1905833E-14  0.7079527E-17
  0.1301000E-02 -0.1898168E-14 -0.1905919E-14  0.7750451E-17
  0.1401000E-02 -0.1897990E-14 -0.1905763E-14  0.7772815E-17
  0.1501000E-02 -0.1897891E-14 -0.1905603E-14  0.7711751E-17
  0.1601000E-02 -0.1897627E-14 -0.1905509E-14  0.7881979E-17
  0.1701000E-02 -0.1897600E-14 -0.1905372E-14  0.7772047E-17
  0.1801000E-02 -0.1897637E-14 -0.1905421E-14  0.7783178E-17
  0.1901000E-02 -0.1897586E-14 -0.1905410E-14  0.7824025E-17
  0.2001000E-02 -0.1897621E-14 -0.1905494E-14  0.7873308E-17
  0.2101000E-02 -0.1897621E-14 -0.1905400E-14  0.7778576E-17
  0.2201000E-02 -0.1897591E-14 -0.1905398E-14  0.7807856E-17
  0.2301000E-02 -0.1897585E-14 -0.1905389E-14  0.7803966E-17
  0.2401000E-02 -0.1897482E-14 -0.1905273E-14  0.7791538E-17
  0.2501000E-02 -0.1897585E-14 -0.1905406E-14  0.7821703E-17
  0.2601000E-02 -0.1897405E-14 -0.1905283E-14  0.7877565E-17
  0.2701000E-02 -0.1897626E-14 -0.1905542E-14  0.7915869E-17
  0.2801000E-02 -0.1897661E-14 -0.1905409E-14  0.7748423E-17
  0.2901000E-02 -0.1897622E-14 -0.1905514E-14  0.7892367E-17
  0.3001000E-02 -0.1897661E-14 -0.1905444E-14  0.7783772E-17
  0.3101000E-02 -0.1897679E-14 -0.1905527E-14  0.7848357E-17
  0.3201000E-02 -0.1897608E-14 -0.1905448E-14  0.7839817E-17
  0.3301000E-02 -0.1897712E-14 -0.1905392E-14  0.7679887E-17
  0.3401000E-02 -0.1897696E-14 -0.1905387E-14  0.7691714E-17
  0.3501000E-02 -0.1897699E-14 -0.1905564E-14  0.7864548E-17
  0.3601000E-02 -0.1897759E-14 -0.1905585E-14  0.7825669E-17
  0.3701000E-02 -0.1897637E-14 -0.1905463E-14  0.7826757E-17
  0.3801000E-02 -0.1897718E-14 -0.1905611E-14  0.7893797E-17
  0.3901000E-02 -0.1897623E-14 -0.1905433E-14  0.7810319E-17
  0.4001000E-02 -0.1897557E-14 -0.1905476E-14  0.7919401E-17
  0.4101000E-02 -0.1897629E-14 -0.1905366E-14  0.7737094E-17
  0.4201000E-02 -0.1897655E-14 -0.1905473E-14  0.7817771E-17
  0.4301000E-02 -0.1897669E-14 -0.1905555E-14  0.7886041E-17
