  0.1000000E-05 -0.9463045E-15 -0.9463080E-15  0.3530127E-20
  0.1010000E-03 -0.9457703E-15 -0.9467329E-15  0.9626045E-18
  0.2010000E-03 -0.9451377E-15 -0.9465420E-15  0.1404305E-17
  0.3010000E-03 -0.9446269E-15 -0.9456006E-15  0.9737558E-18
  0.4010000E-03 -0.9445069E-15 -0.9452509E-15  0.7440493E-18
  0.5010000E-03 -0.9445856E-15 -0.9456314E-15  0.1045805E-17
  0.6010000E-03 -0.9448851E-15 -0.9462665E-15  0.1381375E-17
  0.7010000E-03 -0.9452893E-15 -0.9465030E-15  0.1213720E-17
  0.8010000E-03 -0.9452238E-15 -0.9463359E-15  0.1112117E-17
  0.9010000E-03 -0.9449357E-15 -0.9463062E-15  0.1370540E-17
  0.1001000E-02 -0.9442603E-15 -0.9458223E-15  0.1562069E-17
  0.1101000E-02 -0.9438539E-15 -0.9452446E-15  0.1390704E-17
  0.1201000E-02 -0.9436504E-15 -0.9449601E-15  0.1309691E-17
  0.1301000E-02 -0.9437848E-15 -0.9453161E-15  0.1531285E-17
  0.1401000E-02 -0.9440787E-15 -0.9456760E-15  0.1597284E-17
  0.1501000E-02 -0.9444468E-15 -0.9459857E-15  0.1538912E-17
  0.1601000E-02 -0.9445016E-15 -0.9459188E-15  0.1417205E-17
  0.1701000E-02 -0.9442569E-15 -0.9458666E-15  0.1609700E-17
  0.1801000E-02 -0.9437416E-15 -0.9454272E-15  0.1685567E-17
  0.1901000E-02 -0.9433661E-15 -0.9450762E-15  0.1710110E-17
  0.2001000E-02 -0.9432837E-15 -0.9448418E-15  0.1558117E-17
  0.2101000E-02 -0.9433860E-15 -0.9451070E-15  0.1720963E-17
  0.2201000E-02 -0.9437535E-15 -0.9454389E-15  0.1685419E-17
  0.2301000E-02 -0.9439921E-15 -0.9457371E-15  0.1745001E-17
  0.2401000E-02 -0.9440380E-15 -0.9456283E-15  0.1590352E-17
  0.2501000E-02 -0.9438756E-15 -0.9456524E-15  0.1776795E-17
  0.2601000E-02 -0.9435018E-15 -0.9452660E-15  0.1764214E-17
  0.2701000E-02 -0.9432617E-15 -0.9449411E-15  0.1679334E-17
  0.2801000E-02 -0.9432117E-15 -0.9448912E-15  0.1679473E-17
  0.2901000E-02 -0.9433164E-15 -0.9451042E-15  0.1787816E-17
  0.3001000E-02 -0.9436260E-15 -0.9453890E-15  0.1762992E-17
  0.3101000E-02 -0.9439482E-15 -0.9456532E-15  0.1705089E-17
  0.3201000E-02 -0.9439821E-15 -0.9456793E-15  0.1697152E-17
  0.3301000E-02 -0.9437950E-15 -0.9455501E-15  0.1755042E-17
  0.3401000E-02 -0.9434425E-15 -0.9452500E-15  0.1807502E-17
  0.3501000E-02 -0.9433146E-15 -0.9450477E-15  0.1733117E-17
  0.3601000E-02 -0.9432101E-15 -0.9449159E-15  0.1705820E-17
  0.3701000E-02 -0.9432962E-15 -0.9450649E-15  0.1768726E-17
  0.3801000E-02 -0.9435075E-15 -0.9453391E-15  0.1831646E-17
  0.3901000E-02 -0.9436946E-15 -0.9454711E-15  0.1776507E-17
  0.4001000E-02 -0.9437565E-15 -0.9454951E-15  0.1738547E-17
  0.4101000E-02 -0.9436049E-15 -0.9454141E-15  0.1809136E-17
  0.4201000E-02 -0.9434103E-15 -0.9452050E-15  0.1794724E-17
  0.4301000E-02 -0.9433703E-15 -0.9450944E-15  0.1724111E-17
  0.4401000E-02 -0.9433108E-15 -0.9450023E-15  0.1691494E-17
  0.4501000E-02 -0.9433380E-15 -0.9451189E-15  0.1780905E-17
  0.4601000E-02 -0.9435484E-15 -0.9453522E-15  0.1803747E-17
  0.4701000E-02 -0.9435940E-15 -0.9454413E-15  0.1847273E-17
  0.4801000E-02 -0.9435857E-15 -0.9454100E-15  0.1824340E-17
  0.4901000E-02 -0.9434791E-15 -0.9453555E-15  0.1876319E-17
  0.5001000E-02 -0.9433367E-15 -0.9451398E-15  0.1803157E-17
  0.5101000E-02 -0.9432149E-15 -0.9450145E-15  0.1799676E-17
  0.5201000E-02 -0.9431464E-15 -0.9450020E-15  0.1855590E-17
  0.5301000E-02 -0.9432061E-15 -0.9450208E-15  0.1814660E-17
  0.5401000E-02 -0.9433088E-15 -0.9451742E-15  0.1865399E-17
  0.5501000E-02 -0.9434437E-15 -0.9453267E-15  0.1882980E-17
  0.5601000E-02 -0.9435425E-15 -0.9452545E-15  0.1711970E-17
  0.5701000E-02 -0.9434240E-15 -0.9452670E-15  0.1842991E-17
  0.5801000E-02 -0.9432760E-15 -0.9451014E-15  0.1825431E-17
  0.5901000E-02 -0.9432304E-15 -0.9450484E-15  0.1817961E-17
  0.6001000E-02 -0.9431597E-15 -0.9449847E-15  0.1825026E-17
  0.6101000E-02 -0.9431582E-15 -0.9449764E-15  0.1818210E-17
  0.6201000E-02 -0.9432692E-15 -0.9451289E-15  0.1859787E-17
  0.6301000E-02 -0.9433580E-15 -0.9452737E-15  0.1915735E-17
  0.6401000E-02 -0.9434015E-15 -0.9453501E-15  0.1948594E-17
  0.6501000E-02 -0.9433119E-15 -0.9452213E-15  0.1909420E-17
  0.6601000E-02 -0.9432086E-15 -0.9451193E-15  0.1910720E-17
  0.6701000E-02 -0.9431317E-15 -0.9450448E-15  0.1913054E-17
  0.6801000E-02 -0.9431284E-15 -0.9449599E-15  0.1831538E-17
  0.6901000E-02 -0.9432942E-15 -0.9450850E-15  0.1790812E-17
  0.7001000E-02 -0.9433307E-15 -0.9451752E-15  0.1844500E-17
  0.7101000E-02 -0.9433914E-15 -0.9451461E-15  0.1754768E-17
  0.7201000E-02 -0.9434288E-15 -0.9452458E-15  0.1817077E-17
  0.7301000E-02 -0.9433736E-15 -0.9452627E-15  0.1889160E-17
  0.7401000E-02 -0.9432282E-15 -0.9451273E-15  0.1899094E-17
  0.7501000E-02 -0.9431935E-15 -0.9450916E-15  0.1898189E-17
  0.7601000E-02 -0.9431820E-15 -0.9450123E-15  0.1830221E-17
  0.7701000E-02 -0.9432627E-15 -0.9450905E-15  0.1827761E-17
  0.7801000E-02 -0.9432875E-15 -0.9452286E-15  0.1941131E-17
  0.7901000E-02 -0.9433549E-15 -0.9452855E-15  0.1930589E-17
  0.8001000E-02 -0.9433990E-15 -0.9452683E-15  0.1869302E-17
  0.8101000E-02 -0.9432575E-15 -0.9451461E-15  0.1888567E-17
  0.8201000E-02 -0.9432108E-15 -0.9451185E-15  0.1907729E-17
  0.8301000E-02 -0.9430885E-15 -0.9450129E-15  0.1924397E-17
  0.8401000E-02 -0.9430614E-15 -0.9449563E-15  0.1894961E-17
  0.8501000E-02 -0.9431489E-15 -0.9450406E-15  0.1891667E-17
  0.8601000E-02 -0.9432727E-15 -0.9451355E-15  0.1862753E-17
  0.8701000E-02 -0.9433296E-15 -0.9451988E-15  0.1869231E-17
  0.8801000E-02 -0.9432996E-15 -0.9452291E-15  0.1929488E-17
  0.8901000E-02 -0.9432255E-15 -0.9451619E-15  0.1936409E-17
  0.9001000E-02 -0.9431512E-15 -0.9451179E-15  0.1966741E-17
  0.9101000E-02 -0.9431714E-15 -0.9451052E-15  0.1933809E-17
  0.9201000E-02 -0.9431701E-15 -0.9450235E-15  0.1853367E-17
  0.9301000E-02 -0.9431367E-15 -0.9450171E-15  0.1880398E-17
  0.9401000E-02 -0.9432205E-15 -0.9451724E-15  0.1951876E-17
  0.9501000E-02 -0.9432369E-15 -0.9451236E-15  0.1886711E-17
  0.9601000E-02 -0.9432322E-15 -0.9451495E-15  0.1917286E-17
  0.9701000E-02 -0.9431983E-15 -0.9450783E-15  0.1879977E-17
  0.9801000E-02 -0.9431022E-15 -0.9450933E-15  0.1991140E-17
  0.9901000E-02 -0.9430987E-15 -0.9450153E-15  0.1916575E-17
  0.1000100E-01 -0.9430971E-15 -0.9450032E-15  0.1906132E-17
  0.1010100E-01 -0.9431427E-15 -0.9450662E-15  0.1923499E-17
  0.1020100E-01 -0.9431391E-15 -0.9450760E-15  0.1936919E-17
  0.1030100E-01 -0.9431573E-15 -0.9451223E-15  0.1965023E-17
  0.1040100E-01 -0.9432003E-15 -0.9452014E-15  0.2001117E-17
  0.1050100E-01 -0.9431501E-15 -0.9450730E-15  0.1922905E-17
  0.1060100E-01 -0.9430987E-15 -0.9449935E-15  0.1894866E-17
  0.1070100E-01 -0.9430829E-15 -0.9450609E-15  0.1977968E-17
  0.1080100E-01 -0.9430310E-15 -0.9450282E-15  0.1997178E-17
  0.1090100E-01 -0.9430999E-15 -0.9449796E-15  0.1879700E-17
  0.1100100E-01 -0.9431561E-15 -0.9451316E-15  0.1975448E-17
  0.1110100E-01 -0.9431570E-15 -0.9451778E-15  0.2020801E-17
  0.1120100E-01 -0.9431359E-15 -0.9451047E-15  0.1968777E-17
  0.1130100E-01 -0.9430535E-15 -0.9449877E-15  0.1934234E-17
  0.1140100E-01 -0.9430666E-15 -0.9449861E-15  0.1919539E-17
  0.1150100E-01 -0.9430182E-15 -0.9449662E-15  0.1947972E-17
  0.1160100E-01 -0.9430650E-15 -0.9450500E-15  0.1985012E-17
  0.1170100E-01 -0.9431331E-15 -0.9451296E-15  0.1996519E-17
  0.1180100E-01 -0.9431766E-15 -0.9451532E-15  0.1976626E-17
  0.1190100E-01 -0.9431270E-15 -0.9450980E-15  0.1970922E-17
  0.1200100E-01 -0.9431505E-15 -0.9452067E-15  0.2056206E-17
  0.1210100E-01 -0.9429932E-15 -0.9449780E-15  0.1984874E-17
  0.1220100E-01 -0.9429191E-15 -0.9449001E-15  0.1980958E-17
  0.1230100E-01 -0.9429702E-15 -0.9449686E-15  0.1998360E-17
  0.1240100E-01 -0.9430194E-15 -0.9450383E-15  0.2018923E-17
  0.1250100E-01 -0.9430566E-15 -0.9450599E-15  0.2003301E-17
  0.1260100E-01 -0.9430004E-15 -0.9450929E-15  0.2092491E-17
  0.1270100E-01 -0.9430260E-15 -0.9449874E-15  0.1961411E-17
  0.1280100E-01 -0.9430030E-15 -0.9449865E-15  0.1983457E-17
  0.1290100E-01 -0.9429913E-15 -0.9449306E-15  0.1939288E-17
  0.1300100E-01 -0.9429911E-15 -0.9450244E-15  0.2033255E-17
  0.1310100E-01 -0.9429793E-15 -0.9449598E-15  0.1980501E-17
  0.1320100E-01 -0.9430455E-15 -0.9450298E-15  0.1984320E-17
  0.1330100E-01 -0.9431114E-15 -0.9450579E-15  0.1946479E-17
  0.1340100E-01 -0.9430708E-15 -0.9450744E-15  0.2003664E-17
  0.1350100E-01 -0.9430909E-15 -0.9451286E-15  0.2037686E-17
  0.1360100E-01 -0.9430673E-15 -0.9450372E-15  0.1969904E-17
  0.1370100E-01 -0.9429500E-15 -0.9449987E-15  0.2048677E-17
  0.1380100E-01 -0.9429833E-15 -0.9449432E-15  0.1959933E-17
  0.1390100E-01 -0.9430265E-15 -0.9449332E-15  0.1906712E-17
  0.1400100E-01 -0.9430557E-15 -0.9450068E-15  0.1951020E-17
  0.1410100E-01 -0.9431582E-15 -0.9451030E-15  0.1944847E-17
  0.1420100E-01 -0.9430593E-15 -0.9450621E-15  0.2002738E-17
  0.1430100E-01 -0.9430832E-15 -0.9450376E-15  0.1954400E-17
  0.1440100E-01 -0.9430123E-15 -0.9450215E-15  0.2009197E-17
  0.1450100E-01 -0.9429624E-15 -0.9449333E-15  0.1970919E-17
  0.1460100E-01 -0.9429900E-15 -0.9449761E-15  0.1986079E-17
  0.1470100E-01 -0.9430509E-15 -0.9450081E-15  0.1957257E-17
  0.1480100E-01 -0.9430773E-15 -0.9450812E-15  0.2003897E-17
  0.1490100E-01 -0.9430880E-15 -0.9450876E-15  0.1999608E-17
  0.1500100E-01 -0.9430520E-15 -0.9450225E-15  0.1970475E-17
  0.1301000E-02 -0.9430841E-15 -0.9450937E-15  0.2009652E-17
  0.1401000E-02 -0.9430310E-15 -0.9450564E-15  0.2025416E-17
  0.1501000E-02 -0.9430677E-15 -0.9450792E-15  0.2011460E-17
  0.1601000E-02 -0.9429058E-15 -0.9449801E-15  0.2074256E-17
  0.1701000E-02 -0.9429717E-15 -0.9449891E-15  0.2017370E-17
  0.1801000E-02 -0.9429004E-15 -0.9449266E-15  0.2026223E-17
  0.1901000E-02 -0.9428674E-15 -0.9449246E-15  0.2057201E-17
  0.2001000E-02 -0.9429089E-15 -0.9450022E-15  0.2093259E-17
  0.2101000E-02 -0.9429184E-15 -0.9449966E-15  0.2078182E-17
  0.2201000E-02 -0.9428825E-15 -0.9449223E-15  0.2039800E-17
  0.2301000E-02 -0.9428961E-15 -0.9449357E-15  0.2039623E-17
  0.2401000E-02 -0.9428084E-15 -0.9448799E-15  0.2071532E-17
  0.2501000E-02 -0.9429387E-15 -0.9449830E-15  0.2044360E-17
  0.2601000E-02 -0.9428487E-15 -0.9449059E-15  0.2057142E-17
  0.2701000E-02 -0.9429309E-15 -0.9450687E-15  0.2137780E-17
  0.2801000E-02 -0.9430035E-15 -0.9450367E-15  0.2033175E-17
  0.2901000E-02 -0.9429562E-15 -0.9450507E-15  0.2094532E-17
  0.3001000E-02 -0.9430158E-15 -0.9450235E-15  0.2007689E-17
  0.3101000E-02 -0.9429835E-15 -0.9450276E-15  0.2044099E-17
  0.3201000E-02 -0.9429976E-15 -0.9450280E-15  0.2030394E-17
  0.3301000E-02 -0.9430533E-15 -0.9449921E-15  0.1938775E-17
  0.3401000E-02 -0.9430173E-15 -0.9449896E-15  0.1972386E-17
  0.3501000E-02 -0.9429767E-15 -0.9450498E-15  0.2073169E-17
  0.3601000E-02 -0.9429533E-15 -0.9450069E-15  0.2053562E-17
  0.3701000E-02 -0.9429159E-15 -0.9449733E-15  0.2057374E-17
  0.3801000E-02 -0.9430173E-15 -0.9451253E-15  0.2107969E-17
  0.3901000E-02 -0.9429504E-15 -0.9449557E-15  0.2005368E-17
  0.4001000E-02 -0.9429319E-15 -0.9450421E-15  0.2110173E-17
  0.4101000E-02 -0.9430388E-15 -0.9450630E-15  0.2024172E-17
  0.4201000E-02 -0.9429938E-15 -0.9450271E-15  0.2033225E-17
  0.4301000E-02 -0.9430293E-15 -0.9450817E-15  0.2052408E-17
